nodes : 347
edges : 5038
features : 225
predict : 3
in fact : 24
community 0, size : 111
1 4 9 10 13 21 25 26 29 45 46 48 50 53 54 55 56 59 60 63 64 65 67 68 69 75 78 79 82 85 86 88 96 98 99 100 102 104 106 109 113 118 119 121 122 128 131 142 143 146 150 152 156 165 169 170 171 175 177 181 186 188 189 195 199 200 203 217 218 221 222 223 225 227 239 250 252 258 261 263 268 269 271 273 274 275 277 278 280 283 285 288 291 295 296 304 306 313 314 315 318 322 323 325 328 332 334 338 341 342 344 
community 1, size : 53
1 5 21 24 25 36 48 53 57 73 80 87 88 92 94 101 108 122 126 127 130 135 139 159 180 184 187 194 196 197 204 213 236 242 246 249 251 254 266 272 277 281 284 299 300 302 309 315 320 322 329 330 346 
community 2, size : 97
3 7 9 13 16 21 22 25 26 30 31 38 39 40 55 56 59 62 66 67 72 82 84 98 103 104 105 109 113 118 119 122 123 128 132 133 134 136 141 142 148 158 161 168 169 170 172 176 178 185 186 188 199 200 203 208 211 212 213 223 224 231 232 236 238 239 248 252 257 261 265 271 272 276 277 280 285 290 291 297 298 303 304 308 313 315 322 323 324 325 329 331 332 334 339 342 345 
cost time = 455.00
precision = 0.390805
recall    = 0.313846
F1-score  = 0.348123
