nodes : 347
edges : 5038
features : 225
predict : 3
in fact : 24
community 0, size : 182
4 6 7 8 9 13 16 19 21 22 23 25 26 29 31 33 34 35 38 40 42 45 46 47 50 51 55 56 58 59 62 63 64 65 66 67 68 72 75 76 78 79 82 83 84 85 86 87 89 91 95 96 98 99 100 102 103 104 107 109 110 112 113 118 119 120 122 123 124 128 129 131 132 136 141 142 146 147 148 150 155 157 158 161 163 166 168 169 170 171 172 173 174 175 176 177 181 185 186 188 189 193 195 199 200 201 202 203 207 208 211 213 217 218 219 221 222 223 224 225 227 232 236 237 238 239 245 246 247 252 259 261 263 264 265 268 270 271 272 273 274 275 276 277 278 280 283 285 288 290 291 293 296 297 301 303 304 306 308 311 313 314 315 317 318 319 322 323 324 325 327 328 329 332 334 338 339 340 341 342 345 347 
community 1, size : 178
1 2 3 5 6 9 10 14 17 20 21 24 25 26 27 28 30 32 35 36 39 40 41 44 46 48 49 52 53 54 56 57 60 67 69 70 72 76 77 79 80 81 86 88 89 92 93 94 95 98 99 101 102 105 106 108 111 113 115 116 117 119 121 122 126 127 130 131 133 134 135 137 139 140 141 142 143 144 145 147 149 151 153 158 159 162 164 165 167 169 175 177 178 179 180 184 186 187 188 192 194 196 197 199 200 204 205 213 214 219 220 224 225 226 230 231 232 233 235 236 239 241 242 243 244 248 249 251 254 255 256 257 258 260 262 263 266 269 271 272 276 277 278 280 281 282 284 285 286 288 289 291 294 296 298 299 302 304 309 310 312 314 315 319 320 322 323 325 326 327 329 330 332 333 336 337 343 346 
community 2, size : 264
1 2 3 4 5 7 8 9 10 11 13 14 15 16 17 19 20 21 22 23 24 25 26 27 28 29 30 31 32 36 39 40 41 44 45 48 50 51 53 54 55 56 57 59 60 61 62 65 66 67 68 69 71 73 75 77 78 80 82 83 84 85 87 88 91 92 93 94 96 97 98 100 101 103 104 105 106 108 109 110 111 112 113 115 116 117 118 119 121 122 123 125 126 127 128 129 130 132 133 134 135 136 137 138 139 140 142 143 144 146 148 149 150 151 152 154 156 158 159 160 161 162 163 165 167 168 169 170 171 172 174 176 178 180 181 182 183 184 185 186 187 188 189 190 191 194 195 196 197 199 200 203 204 206 208 211 212 213 214 215 216 217 218 220 221 222 223 226 227 228 229 230 231 234 235 236 238 239 240 242 243 245 246 248 249 250 251 252 253 254 257 258 259 260 261 262 264 265 266 267 268 271 272 273 274 275 277 279 280 281 284 285 287 289 290 291 292 293 295 297 298 299 300 302 303 304 305 306 307 308 309 310 311 312 313 315 316 317 318 320 321 322 323 324 325 326 328 329 330 331 332 333 334 337 338 339 340 341 342 343 344 345 346 347 
cost time = 764.00
precision = 0.238782
recall    = 0.458462
F1-score  = 0.314015
