nodes : 1045
edges : 53498
features : 577
predict : 3
in fact : 9
community 0, size : 178
906 916 926 932 946 947 953 959 960 966 972 978 982 993 995 997 1006 1017 1024 1029 1039 1040 1056 1059 1063 1069 1074 1078 1083 1086 1091 1092 1101 1107 1116 1117 1123 1124 1125 1126 1130 1132 1135 1153 1156 1160 1163 1172 1173 1175 1191 1199 1201 1205 1207 1211 1214 1222 1238 1256 1267 1269 1271 1280 1285 484 1288 1289 1291 1302 1330 1331 1335 1336 1341 1352 1359 1361 1367 1370 1376 1377 1380 1388 1389 1390 1391 1398 1399 1401 1402 1409 1431 1437 1439 1447 1449 1456 1457 1470 1471 1483 1487 1488 1516 1517 1519 1522 1528 1535 1547 1551 1556 1559 1570 1571 1580 1584 1589 1598 1603 1604 1605 1608 1610 1612 1613 1619 1621 1622 1662 1663 1665 1668 1669 1674 1707 1712 1714 1722 1723 1730 1734 1736 1741 1746 1757 1768 1772 1791 1793 1800 1804 1809 1811 1813 1816 1821 1823 1826 1827 1832 1833 1835 1839 1842 1843 1849 1863 1864 1868 1874 1879 1886 1888 1898 1900 1902 
community 1, size : 155
906 913 921 925 946 952 967 980 993 1003 1004 1048 1049 1059 1075 1076 1078 1079 1086 1092 1110 1112 1126 1128 1135 1146 1149 1164 1181 1182 1184 1185 1195 1196 1198 1199 1205 1209 1211 1217 1230 1242 1243 1250 1255 1265 1278 526 1283 1290 1327 1329 1339 1344 1352 1367 1369 1375 1376 1377 1389 1390 1391 1393 1399 1405 1407 1416 1420 1431 1467 1491 1497 1509 1516 1520 1522 1524 1528 1530 1535 1539 1551 1554 1557 1559 1563 1572 1584 1589 1597 1600 1603 1612 1613 1617 1618 1620 1621 1622 1623 1632 1643 1644 1646 1653 1659 1663 1669 1675 1683 1685 1688 1689 1700 1707 1710 1714 1717 1718 1721 1724 1730 1734 1735 1737 1746 1750 1752 1761 1768 1769 1771 1774 1775 1795 1799 1800 1804 1811 1813 1819 1827 1833 1835 1836 1843 1851 1852 1867 1877 1881 1885 1888 1897 
community 2, size : 243
897 916 921 925 927 932 934 946 947 952 953 960 966 967 978 980 983 993 997 999 1003 1004 1006 1017 1024 1026 1028 1047 1048 1049 1054 1059 1068 1075 1076 1078 1079 1083 1086 1101 1107 1110 1117 1124 1125 1126 1128 1132 1146 1149 1153 1156 1160 1163 1172 1173 1175 1180 1181 1184 1185 1191 1198 1199 1209 1211 1214 1219 1222 1230 1238 1242 1243 1250 1255 1256 1267 1269 1271 1272 1287 1288 1289 1290 1291 1293 1302 1305 1312 1323 1329 1330 1331 1334 1335 1339 1340 1341 1344 1351 1352 1361 1365 1367 1370 1375 1376 1377 1380 1388 1390 1391 1399 1402 1409 1416 1420 1431 1435 1447 1449 1456 1458 1460 1467 1471 1480 1483 1485 1488 1491 1509 1513 1516 1520 1522 1523 1530 1532 1538 1539 1540 1542 1547 1551 1554 1557 1559 1563 1570 1584 1589 1590 1597 1598 1600 1603 1604 1605 1608 1609 1610 1612 1613 1614 1617 1619 1620 1621 1622 1623 1632 1637 1639 1643 1644 1652 1653 1659 1662 1663 1665 1668 1669 1675 1683 1685 1688 1689 1707 1712 1714 1717 1721 1730 1735 1736 1737 1741 1746 1750 1752 1753 1754 1757 1761 1765 1768 1782 1789 1791 1793 1795 1796 1799 1800 1804 1809 1810 1813 1816 1819 1823 1826 1827 1833 1835 1839 1842 1845 1846 1849 1861 1864 1867 1868 1877 1879 1886 1888 1891 1898 1902 
cost time = 12662.00
precision = 0.307292
recall    = 0.353293
F1-score  = 0.328691
