nodes : 1045
edges : 53498
features : 577
predict : 3
in fact : 9
community 0, size : 210
897 916 925 932 934 946 947 952 953 960 966 978 980 982 983 993 997 999 1003 1004 1006 1017 1024 1029 1040 1048 1059 1068 1076 1078 1079 1083 1086 1101 1107 1112 1117 1123 1125 1126 1132 1135 1146 1149 1153 1156 1160 1172 1175 1184 1185 1191 1198 1199 1201 1205 1207 1211 1214 1222 1230 1238 1242 1243 1250 1255 1256 1267 1269 1280 1288 1289 1291 1302 1323 1329 1330 1331 1335 1339 1341 1344 1351 1352 1359 1361 1367 1370 1375 1376 1377 1380 1388 1389 1390 1391 1393 1399 1402 1420 1431 1447 1449 1456 1460 1467 1470 1471 1480 1483 1488 1491 1509 1516 1519 1520 1522 1530 1535 1538 1547 1551 1554 1557 1559 1563 1570 1571 1584 1589 1590 1598 1600 1603 1604 1605 1608 1609 1610 1612 1613 1617 1619 1620 1621 1622 1632 1637 1643 1652 1659 1662 1663 1665 1668 1669 1675 1683 1685 1688 1689 1707 1712 1714 1717 1721 1730 1734 1735 1736 1737 1741 1746 1750 1752 1753 1757 1761 1768 1774 1782 1789 1791 1793 1795 1799 1800 1804 1809 1810 1811 1813 1816 1819 1821 1823 1827 1832 1833 1835 1839 1842 1849 1861 1864 1868 1879 1886 1888 1902 
community 1, size : 216
906 916 921 925 926 927 934 946 947 953 967 978 980 993 995 1003 1004 1017 1026 1028 1039 1047 1048 1049 1054 1056 1059 1074 1075 1076 1078 1079 1086 1092 1110 1116 1124 1126 1128 1130 1146 1149 1163 1173 1175 1180 1181 1182 1184 1185 1191 1195 1196 1198 1199 1205 1209 1211 1214 1222 1230 1242 1243 1250 1255 1265 1267 1269 1271 1272 1278 526 1287 1290 1291 1293 1305 1312 1327 1329 1331 1334 1339 1340 1344 1352 1361 1365 1367 1375 1376 1377 1390 1391 1399 1405 1407 1409 1416 1420 1431 1435 1439 1467 1470 1471 1484 1485 1491 1509 1513 1516 1517 1520 1522 1523 1524 1528 1530 1532 1539 1540 1551 1554 1557 1559 1563 1570 1572 1580 1584 1589 1590 1597 1600 1603 1608 1610 1612 1613 1614 1617 1618 1620 1621 1622 1623 1632 1637 1639 1643 1644 1653 1659 1662 1663 1669 1675 1683 1685 1688 1689 1700 1707 1714 1717 1718 1721 1723 1724 1730 1735 1736 1737 1741 1746 1750 1752 1753 1754 1757 1761 1765 1768 1769 1771 1791 1793 1795 1796 1799 1800 1804 1810 1813 1816 1819 1823 1826 1827 1833 1835 1839 1843 1845 1846 1851 1861 1867 1877 1879 1886 1888 1891 1898 1909 
community 2, size : 244
906 915 916 921 930 946 948 952 959 960 966 967 972 976 982 983 993 999 1001 1006 1012 1017 1024 1025 1026 1028 1040 1059 1063 1068 1069 637 1078 1080 1083 1086 1091 1101 1107 1113 1114 1117 1122 1124 1125 1126 1128 1130 1132 1142 353 1153 1155 363 1156 366 1163 1164 1172 1173 1179 1181 1184 1185 1199 606 1207 1210 1211 1217 1219 1237 1238 483 1256 1271 1285 1287 484 1288 1289 1300 1302 1305 1312 1313 1318 1320 1330 1331 1334 1335 1336 1341 1349 1351 1352 1358 566 1367 1369 1370 1374 1376 1377 1380 1390 1391 1398 1399 1400 1401 1402 1408 1409 1416 1425 1427 1431 1437 1446 1447 1449 1453 1456 1457 1458 1464 1471 1480 428 1483 1487 1488 1512 1514 1516 1522 1526 1539 641 1542 1543 1547 1549 1551 1554 1556 1559 1565 1574 1580 1584 1589 1597 1598 538 1603 1604 1605 1606 1610 1612 1613 1614 1616 1619 1620 1621 1622 1623 1625 1645 1652 1653 1660 580 1662 1663 1665 1668 376 1671 1673 1677 1679 1692 1694 1695 1707 1712 1714 1722 1730 1736 475 1740 1743 1744 1746 1757 1763 1766 1767 1768 1772 1773 1778 1789 1790 1793 1796 1799 1800 1804 1809 1816 1818 1823 1826 1827 1833 1836 1839 1842 1844 1845 517 1849 1864 1867 1868 1870 1874 1878 1879 1881 1882 1885 1888 1897 1898 1900 1902 
cost time = 13814.00
precision = 0.297015
recall    = 0.397206
F1-score  = 0.339880
