nodes : 792
edges : 28048
features : 320
predict : 3
in fact : 17
community 0, size : 166
2664 2666 2669 2676 2679 2680 2681 2683 2689 2694 2698 2706 2717 2729 2738 2741 2743 2745 2746 2749 2750 2754 2755 2756 2757 2761 2763 2773 2777 2782 2786 2794 2800 2806 2810 2815 2821 2827 2835 2839 2850 2854 2862 2864 2866 2867 2872 2873 2874 2877 2880 2887 2890 2891 2896 2897 2905 2906 2908 2909 2910 2911 2912 2913 2915 2916 2917 2919 2920 2924 2925 2927 2928 2929 2931 2940 2943 2944 2945 2946 2953 2956 2960 2966 2969 2974 2977 2985 2986 2988 2993 2994 3000 3004 3014 3022 3023 3025 3026 3029 3033 3040 3047 3052 3054 3056 3064 3065 3073 3078 3084 3085 3090 3096 3098 3104 3108 3114 3117 3119 3123 3129 3135 3137 3142 3149 3158 3166 3174 3184 3193 3195 3213 3220 3226 3228 3232 3234 3237 3238 3243 3250 3257 3284 3286 3293 3294 3301 3303 3304 3315 3324 3339 3348 3362 3363 3364 3384 3387 3399 3400 3414 3417 3426 3433 3435 
community 1, size : 148
2661 2672 2674 2687 2701 2712 2716 2719 2720 2733 2742 2748 2753 2765 2770 2778 2780 2781 2785 2793 2796 2828 2833 2840 2846 2849 2853 2863 2869 2875 2881 2894 2901 2904 2914 2936 2937 2939 2950 2958 2970 2973 2976 2989 2991 2992 2996 3005 3013 3016 3017 3021 3035 3038 3039 3041 3046 3049 3051 3058 3060 3070 3076 3082 3089 3101 3102 3106 3109 3111 3113 3115 3116 3120 3132 3140 3145 3146 3148 3150 3152 3154 3160 3169 3170 3172 3179 3182 3185 3188 3194 3198 3199 3201 3204 3206 3209 3212 3224 3225 3239 3240 3247 3252 3258 3260 3261 3265 3267 3272 3274 3277 3280 3287 3288 3291 3297 3298 3299 3306 3316 3320 3321 3330 3332 3335 3342 3344 3345 3347 3350 3351 3352 3353 3355 3360 3378 3381 3386 3391 3396 3397 3406 3411 3416 3419 3422 3434 
community 2, size : 329
2661 2662 2663 2664 2665 2666 2669 2673 2674 2675 2676 2679 2682 2684 2686 2689 2694 2695 2698 2702 2705 2708 2710 2711 2713 2715 2716 2717 2718 2719 2724 2726 2728 2730 2731 2737 2739 2742 2747 2750 2751 2754 2755 2757 2758 2759 2768 2769 2775 2777 2778 2779 2781 2782 2783 2786 2787 2789 2793 2796 2797 2800 2807 2809 2812 2815 2823 2827 2828 2829 2830 2831 2832 2833 2839 2841 2843 2844 2845 2849 2851 2852 2853 2863 2864 2865 2866 2867 2869 2871 2872 2877 2884 2888 2890 2892 2894 2901 2905 2906 2907 2909 2910 2911 2912 2913 2915 2916 2918 2919 2920 2921 2925 2927 2928 2932 2936 2937 2938 2939 2940 2943 2944 2947 2948 2951 2955 2956 2960 2961 2966 2967 2970 2973 2978 2981 2984 2985 2986 2987 2991 2992 2995 2999 3001 3002 3004 3007 3010 3011 3018 3019 3020 3021 3022 3026 3027 3032 3033 3034 3035 3036 3038 3040 3042 3044 3047 3049 3051 3054 3056 3060 3062 3064 3065 3068 3069 1405 3070 3072 3076 3077 3078 3079 3080 3081 3082 3086 3087 3090 3092 3096 3097 3098 3100 3101 3102 3103 3104 3106 3107 3108 3113 3115 3116 3117 3118 3120 3124 3130 3132 3136 3139 3142 3145 3146 3149 3150 3152 3154 3162 3163 3167 3168 3169 3172 3173 3174 3176 3177 3179 3182 3185 3186 3187 3191 3195 3196 3198 3201 3202 3203 3206 3207 3210 3214 3219 3221 3223 3226 3229 3231 3232 3233 3236 3239 3241 3247 3252 3253 3255 3256 3259 3262 3263 3264 3267 3273 3277 3280 3284 3285 3289 3291 3295 3296 3297 3302 3312 3319 3320 3324 3327 3330 3331 3332 3335 3337 3339 3341 3344 3346 3347 3348 3350 3351 3356 3359 3363 3365 3366 3369 3373 3377 3378 3379 3380 3381 3385 3387 3390 3391 3392 3394 3395 3396 3397 3403 3404 3411 3412 3415 3416 3417 3419 3420 3426 3430 3434 
cost time = 2907.00
precision = 0.542768
recall    = 0.449163
F1-score  = 0.491549
