nodes : 792
edges : 28048
features : 320
predict : 3
in fact : 17
community 0, size : 134
2661 2674 2687 2712 2716 2719 2720 2742 2748 2751 2753 2765 2770 2778 2780 2781 2785 2793 2796 2828 2833 2846 2849 2853 2863 2869 2875 2894 2901 2904 2914 2936 2937 2939 2950 2970 2973 2989 2991 2992 3005 3013 3016 3017 3021 3035 3038 3041 3046 3049 3051 3058 3060 3070 3076 3082 3089 3101 3102 3106 3109 3113 3115 3116 3120 3132 3140 3145 3146 3148 3150 3152 3154 3169 3172 3179 3182 3185 3188 3191 3194 3198 3201 3204 3206 3209 3212 3215 3224 3225 3239 3240 3247 3252 3260 3261 3265 3267 3272 3277 3280 3288 3291 3296 3297 3299 3302 3316 3320 3321 3330 3332 3335 3342 3344 3345 3347 3350 3351 3352 3353 3355 3360 3378 3381 3386 3391 3396 3397 3406 3411 3416 3419 3434 
community 1, size : 256
2661 2662 2665 2668 2672 2674 2675 2682 2684 2686 2690 2701 2702 2708 2711 2713 2715 2716 2718 2719 2724 2728 2730 2733 2735 2737 2739 2742 2747 2753 2758 2759 2762 2768 2772 2775 2778 2779 2781 2783 2784 2787 2793 2796 2797 2803 2812 2813 2819 2823 2828 2829 2830 2831 2832 2833 2836 2840 2841 2843 2844 2845 2849 2859 2863 2865 2869 2870 2871 2875 2881 2892 2894 2900 2901 2904 2918 2921 2932 2934 2936 2937 2938 2939 2946 2947 2951 2955 2958 2965 2973 2976 2984 2991 2992 2995 2996 2999 3001 3002 3007 3009 3011 3017 3018 3019 3020 3027 3032 3034 3035 3038 3039 3049 3051 3060 3062 3068 3069 1405 3072 3075 3076 3077 3079 3081 3082 3086 3087 3097 3100 3101 3103 3107 3111 3112 3113 3115 3116 3117 3118 3124 3132 3136 3140 3145 3150 3152 3154 3160 3162 3167 3168 3169 3170 3172 3173 3176 3177 3178 3179 3182 3185 3186 3187 3189 3192 3196 3198 3199 3201 3203 3207 3210 3211 3214 3219 3221 3223 3233 3236 3241 3248 3252 3253 3255 3256 3258 3259 3261 3262 3263 3264 3267 3273 3274 3275 3276 3277 3279 3280 3285 3287 3289 3291 3295 3296 3297 3298 3306 3312 3313 3319 3320 3321 3327 3330 3331 3332 3335 3337 3341 3342 3344 3346 3347 3350 3351 3353 3356 3359 3365 3366 3369 3371 3377 3378 3379 3380 3381 3385 3386 3395 3396 3397 3403 3406 3410 3411 3412 3415 3419 3420 3421 3422 3434 
community 2, size : 175
2664 2666 2669 2673 2676 2679 2680 2681 2683 2689 2694 2698 2705 2706 2717 2729 2731 2738 2741 2743 2745 2746 2749 2750 2754 2755 2756 2757 2759 2761 2763 2773 2777 2782 2786 2800 2806 2810 2815 2827 2835 2839 2850 2854 2862 2864 2866 2867 2872 2873 2874 2877 2880 2887 2890 2891 2896 2897 2905 2906 2907 2908 2909 2910 2911 2912 2913 2915 2916 2919 2920 2924 2925 2927 2928 2929 2931 2940 2943 2944 2945 2946 2948 2953 2956 2960 2966 2967 2969 2974 2977 2981 2985 2986 2987 2988 2993 2994 3000 3004 3014 3022 3023 3025 3026 3029 3033 3036 3040 3047 3052 3054 3056 3064 3065 3073 3078 3084 3085 3090 3096 3098 3104 3108 3114 3117 3119 3123 3129 3135 3137 3142 3149 3158 3163 3166 3174 3184 3193 3195 3213 3220 3226 3228 3232 3234 3237 3238 3243 3250 3257 3284 3286 3293 3294 3301 3303 3304 3315 3324 3339 3348 3362 3363 3364 3384 3387 3390 3399 3400 3414 3417 3426 3433 3435 
cost time = 5211.00
precision = 0.617699
recall    = 0.449163
F1-score  = 0.520119
