nodes : 755
edges : 60050
features : 481
predict : 3
in fact : 46
community 0, size : 197
1916 1920 1926 1932 1939 1940 1941 1945 1947 1948 1954 1955 1959 1970 1981 1985 1987 1994 2002 2003 2007 2010 2026 2028 2029 2032 2038 2039 2040 2042 2047 2052 2053 2054 2057 2062 2065 2068 2071 2072 2075 2081 2087 2101 2102 2110 2111 2117 2125 2127 2128 2132 2133 2134 2135 2137 2138 2142 2143 2144 2148 2149 2151 2153 2161 2169 2174 2176 2180 2183 2187 2189 2191 2194 136 2196 2198 2199 2203 2215 2222 2223 2224 2226 2232 2233 2235 2239 2241 2243 2246 2247 2250 2254 2259 2264 2267 2268 2273 2274 2279 2280 2282 2283 2285 2289 2292 2293 2294 2302 2304 2305 2315 2319 2325 2327 2328 2330 2332 2333 2336 2338 2343 2344 2345 2347 2351 1465 2367 2368 2372 2377 2384 2385 2390 2394 2396 2398 2399 2415 2417 2419 2420 1577 2429 2434 2436 2438 2445 2451 2458 2461 2463 2465 2468 2471 2472 2473 2475 2479 2491 2498 2501 2508 2509 2510 2511 2512 2516 2519 2530 2533 2537 2543 2547 2555 2567 2571 2582 2588 2589 2592 2594 2597 1718 2598 2603 2608 2609 2616 2617 2629 2642 2643 2649 2652 2653 
community 1, size : 209
1917 1918 1925 1929 1938 1941 1943 1946 1953 1962 1963 1966 1971 1979 1983 1984 1985 1986 1989 1993 1997 2005 2020 2030 2033 2037 2040 2043 2045 2046 2055 2056 2058 2059 2060 2063 2064 2069 2073 2074 2077 2078 2083 2084 2086 2088 2090 2093 2095 2098 2103 2104 2108 2109 2112 2115 2118 2121 2122 2123 2124 2131 2136 2139 2140 2142 2150 2154 2164 2165 2172 2179 2184 2188 2190 2200 2201 2206 2210 2212 2213 2216 2218 2220 2229 2233 2237 2240 2244 2253 2257 2261 2266 2271 2275 2276 2278 2287 2290 2299 2300 2306 2307 2308 2309 2323 2324 2326 2329 2331 2334 2339 2340 2347 2348 2352 2353 2354 2356 2359 2363 2369 2370 2374 2376 2381 2386 2392 2395 2404 2407 2408 2409 2410 2414 2418 2423 2428 2429 2430 2433 2446 2460 2462 2464 2467 2468 2469 2477 2478 2482 2484 2485 2489 2492 2495 2499 2500 2504 2506 2507 2520 2521 2526 2532 2536 2539 2542 2543 2546 2549 2550 2551 2552 2553 2554 2556 2559 2560 2561 2563 2564 2573 2574 2575 2578 2579 2586 2590 2591 2593 2600 2601 2602 2604 2606 2607 2611 2615 2619 2623 2624 2625 2630 2631 2638 2646 2654 2655 
community 2, size : 256
1914 1917 1918 1919 1921 1927 1928 1929 1931 1935 1938 1942 1943 1946 1951 1954 1957 1958 1962 1966 1968 1971 1972 1973 1976 1979 1980 1983 1984 1985 1986 1991 1993 1995 1997 1998 1999 2000 2001 2004 2005 2006 2007 2009 2011 2012 2016 2018 2019 2020 2021 2022 2024 2025 2027 2030 2033 2037 2043 2044 2045 2050 2059 2061 2062 2063 2064 2067 2069 2073 2074 2078 2086 2088 2090 2092 2093 2095 2097 2103 2104 2108 2112 2115 2116 2118 2121 2122 2123 2124 2131 2139 2140 2142 2143 2147 2150 2154 2157 2159 2171 2172 2184 2188 2189 2190 2192 136 2200 2201 2202 2206 2216 2218 2220 2225 2229 2233 2234 2237 2240 2244 2253 2257 2258 2262 2266 2268 2271 2275 2278 2284 2288 2290 2297 2303 2308 2309 2311 2323 2324 2326 2331 2334 2337 2339 2340 2346 2347 2348 2350 2352 2354 2356 2359 2363 2364 2365 2369 2370 2374 2376 2378 2381 2383 2384 2387 2391 2393 2395 2404 2408 2409 2410 2414 2417 2423 2427 2428 2430 2433 2435 2443 2446 2447 2449 2454 2459 2460 2464 2468 2472 2476 2482 2492 2494 2500 2504 2507 2512 2520 2521 2524 2526 2538 2539 2542 2543 2546 2549 2550 2553 2559 2560 2561 2564 2573 2576 2578 2583 2584 2585 2586 2590 2593 2600 2601 2602 2604 2607 2611 2613 2615 2619 2620 2623 2624 2625 2626 2627 2630 2633 2636 2638 2639 2640 2645 2646 2647 2648 2654 2655 2657 2658 2659 2660 
cost time = 1435.00
precision = 0.593656
recall    = 0.369014
F1-score  = 0.455124
