nodes : 755
edges : 60050
features : 481
predict : 3
in fact : 46
community 0, size : 226
1917 1918 1925 1929 1938 1941 1942 1943 1946 1953 1962 1963 1966 1971 1979 1983 1984 1985 1986 1989 1993 1997 2005 2020 2021 2030 2033 2037 2040 2043 2044 2045 2046 2056 2058 2059 2060 2063 2064 2067 2069 2073 2074 2077 2078 2083 2084 2086 2088 2090 2092 2093 2095 2098 2103 2104 2108 2109 2112 2115 2118 2121 2122 2123 2124 2131 2136 2139 2140 2142 2147 2150 2154 2164 2165 2172 2179 2184 2188 2190 2200 2201 2206 2210 2212 2213 2216 2218 2220 2229 2233 2234 2237 2240 2244 2253 2257 2261 2266 2271 2275 2276 2278 2290 2299 2300 2303 2306 2307 2308 2309 2323 2324 2326 2329 2331 2334 2339 2340 2347 2348 2350 2352 2353 2354 2356 2359 2363 2369 2370 2374 2376 2381 2383 2386 2387 2391 2392 2393 2395 2404 2407 2408 2409 2410 2414 2418 2423 2427 2428 2429 2430 2433 2446 2449 2454 2460 2462 2464 2467 2468 2469 2476 2477 2478 2482 2484 2485 2489 2492 2495 2499 2500 2504 2506 2507 2520 2521 2526 2532 2536 2539 2542 2543 2546 2549 2550 2551 2552 2553 2554 2556 2559 2560 2561 2563 2564 2573 2574 2575 2576 2578 2579 2586 2590 2591 2593 2600 2601 2602 2604 2606 2607 2611 2613 2615 2619 2623 2624 2625 2630 2631 2638 2646 2654 2655 
community 1, size : 222
1916 1920 1923 1926 1932 1939 1940 1941 1944 1945 1947 1948 1954 1955 1959 1964 1970 1981 1987 1994 2002 2003 2007 2010 2026 2028 2031 2032 2038 2039 2042 2047 2052 2053 2054 2057 2062 2065 2068 2071 2072 2075 2081 2087 2101 2102 2110 2111 2117 2125 2127 2132 2133 2134 2135 2137 2138 2141 2143 2144 2148 2149 2151 2153 2155 2161 2169 2174 2176 2180 2183 2185 2187 2189 2191 2194 136 2196 2198 2199 2203 2209 2211 2215 2221 2222 2223 2224 2226 2232 2235 2239 2241 2242 2243 2246 2247 2250 2254 2259 2264 2267 2268 2272 2273 2274 2279 2280 2282 2283 2285 2289 2292 2293 2294 2295 2302 2304 2305 2310 2315 2318 2319 2325 2327 2328 2330 2332 2333 2336 2338 2343 2344 2345 2347 2351 1465 2362 2367 2368 2372 2377 2379 2384 2385 2390 2394 2396 2398 2399 2400 2415 2416 2417 2419 2420 2425 1577 2429 2432 2434 2436 2438 2445 2451 2458 2461 2463 2465 2471 2472 2473 2475 2479 2480 2491 2496 2498 2501 2502 2508 2509 2510 2511 2512 2516 2518 2519 2525 2529 2530 2533 2537 2543 2544 2547 2555 2557 2567 2571 2572 2582 2588 2589 2592 2594 2597 1718 2598 2603 2608 2609 2610 2616 2617 2629 2637 2642 2643 2649 2652 2653 
community 2, size : 344
1913 1916 1917 1918 1920 1925 1926 1929 1932 1938 1940 1941 1943 1945 1946 1947 1948 1953 1954 1955 1959 1962 1966 1971 1979 1983 1984 1985 1986 1993 1997 2002 2005 2007 2010 2019 2020 2026 2028 2029 2030 2032 2033 2037 2038 2039 2040 2042 2043 2045 2046 2047 2048 2052 2053 2054 2055 2056 2059 2063 2064 2068 2069 2071 2072 2073 2074 2077 2078 2081 2083 2084 2086 2087 2088 2090 2093 2095 2096 2098 2102 2103 2104 2108 2109 2111 2112 2115 2117 2118 2121 2122 2123 2124 2125 2127 2128 2131 2132 2133 2134 2135 2138 2139 2140 2142 2143 2144 2148 2149 2150 2151 2153 2154 2163 2165 2169 2172 2174 2176 2180 2183 2184 2187 2188 2189 2190 2191 2194 136 2196 2199 2200 2201 2203 2206 2208 2210 2212 2213 2214 2216 2218 2220 2223 2224 2229 2233 2237 2240 2241 2244 2246 2247 2249 2250 2253 2254 2257 2258 2261 2264 2266 2267 2268 2271 2273 2275 2276 2278 2279 2282 2283 2287 2288 2289 2290 2292 2294 2298 2299 2300 2302 2306 2307 2308 2309 2311 2313 2315 2319 2323 2324 2326 2327 2328 2329 2331 2332 2333 2334 2336 2338 2339 2340 2343 2344 2347 2348 2351 2352 2354 2355 2356 1465 2359 2363 2366 2368 2369 2370 2372 2374 2376 2377 2381 2384 2386 2395 2398 2399 2404 2408 2409 2410 2414 2418 2419 2420 2423 1577 2428 2430 2433 2436 2443 2446 2451 2458 2460 2461 2463 2464 2467 2468 2469 2471 2472 2475 2477 2482 2484 2485 2489 2491 2492 2495 2498 2500 2504 2506 2507 2508 2509 2510 2511 2512 2516 2520 2521 2524 2526 2532 2533 2539 2542 2543 2546 2549 2550 2551 2552 2553 2555 2556 2559 2560 2561 2563 2564 2567 2573 2575 2578 2579 2582 2586 2588 2589 2590 2592 2593 2594 2597 1718 2598 2599 2600 2601 2602 2604 2605 2607 2608 2611 2615 2616 2617 2619 2623 2624 2625 2629 2630 2631 2635 2638 2642 2643 2646 2649 2653 2654 2655 
cost time = 2168.00
precision = 0.481061
recall    = 0.357746
F1-score  = 0.410339
