nodes : 547
edges : 9626
features : 263
predict : 3
in fact : 32
community 0, size : 294
3438 3440 3441 3442 3444 3445 3446 3447 3448 3449 3450 3452 3454 3456 3457 3461 3462 3467 3471 3472 3473 3475 3477 3478 3479 3480 3481 3482 3484 3485 3488 3490 3491 3492 698 3495 3496 3497 3500 3501 3502 3503 3504 3505 3508 3512 3514 3516 3517 3518 3520 3521 3522 3523 3525 3526 3527 3528 3531 3533 3536 3537 3538 857 3540 3541 3542 3543 1085 3544 3545 3546 3547 3548 3549 3550 3552 3553 3556 3557 3559 3560 3562 3563 3565 3567 3573 3574 3576 3577 3578 3580 3581 3585 3586 3587 3588 3592 3594 3595 3596 3597 3598 3603 3604 3605 3606 3607 3609 3611 3613 3615 3618 3619 3621 3624 3625 3626 3627 3628 3629 3633 3635 3637 3639 3640 3641 3642 3644 3649 3651 3654 3655 3656 3657 3658 3661 862 3662 3664 3667 3669 3670 3672 3674 3677 3679 3681 3682 3683 3684 3685 3686 3687 3689 3691 3692 3693 3695 3696 3697 3698 3700 3702 3703 3704 3707 3712 3717 3721 3725 3727 3730 3731 3734 3736 3737 3739 3741 3742 3743 3744 3745 3747 3750 3755 3756 3760 3762 3765 3766 3775 3776 3779 3780 3783 3785 3788 3790 3791 3795 3796 3797 3800 3804 3805 3806 3809 3812 3813 3814 3817 3819 3824 3827 3828 3830 3831 3832 3838 3839 3840 3841 3842 3845 3847 3849 3850 3851 3852 3857 3858 3860 3861 3863 3864 3865 3868 3871 3872 3873 3874 3875 3877 3880 3883 3884 3886 3887 3888 3889 3891 3892 3894 3897 3898 3901 3902 3904 3905 3908 3911 3912 3913 3916 3917 3919 3920 3926 3928 3929 3930 3933 3936 3938 3939 3940 3943 3944 3948 3949 3950 3953 3960 3962 3963 3964 3966 3967 3968 3970 3971 3977 3978 
community 1, size : 456
3438 3439 3440 3442 3443 3445 3446 3447 3448 3449 3450 3452 3454 3455 3456 3457 3458 3459 3460 3461 3462 3463 3464 3465 3466 3468 3469 3470 3471 3473 3474 3475 3476 3477 3478 3480 3483 3484 3485 3486 3487 3488 3489 3490 3491 3492 3493 3494 3495 3496 3497 3498 3499 3500 3501 3503 3504 3505 3506 3507 3508 3509 3510 3511 3512 3514 3515 3517 3518 3519 3520 3521 3522 3524 3525 3526 3527 3528 3529 3530 3531 3532 3533 3534 3535 3536 3538 857 3539 3540 3541 3542 3543 1085 3544 3545 3546 3547 3549 3550 3551 3553 3554 3555 3556 3557 3558 3559 3561 3563 3564 3565 3566 3567 3568 3569 567 3571 3572 3573 3574 3575 3576 3577 3578 3579 3580 3582 3583 3584 3585 3586 3587 3589 3590 3591 3592 3593 3595 3596 3599 3600 3601 3602 3603 3604 3605 3606 3607 3608 3609 3610 3611 3612 3614 3615 3616 3617 3618 3620 3621 3622 3623 3624 3625 3626 3627 3628 3629 3630 3631 3632 3633 3634 3635 3636 3637 3638 3640 3641 3642 3643 3645 3646 3647 3648 3651 3652 3654 3655 3656 3657 3658 3659 3660 3661 862 3662 3663 3664 3665 3666 3667 3668 3670 3672 3673 3674 3675 3676 3677 3678 3679 3680 3681 3682 3683 3684 3686 3687 3688 3690 3692 3693 3694 3696 3697 3698 3699 3701 3702 3703 3705 3706 3707 3708 3710 3711 3713 3714 3715 3716 3718 3719 3720 3721 3722 3723 3724 3725 3726 3727 3728 3730 3731 3732 3734 3735 3736 3737 3738 3739 3740 3741 3743 3745 3747 3750 3752 3753 3754 3755 3756 3757 3758 3759 3760 3761 3762 3764 3765 3766 3767 3768 3769 3770 3771 3772 3773 3774 3775 3776 3777 3778 3779 3780 3782 3783 3784 3785 3786 3787 3788 3789 3790 3791 3792 3793 3794 3795 3796 3797 3799 3800 3802 3803 3804 3805 3806 3807 3808 3809 3810 3811 3812 3814 3815 3816 3817 3818 3819 3821 3822 3823 3824 3825 3826 3828 3829 3830 3831 3833 3834 3835 3836 3837 3838 3841 3842 3843 3844 3845 3847 3848 3850 3851 3852 3854 3855 3857 3858 3859 3860 3862 3863 3866 3867 3868 3869 3870 3871 3872 3873 3874 3877 3878 3879 3880 3882 3884 3886 3888 3889 3891 3892 3893 3894 3896 3899 3900 3901 3902 3903 3905 3906 3907 3908 3909 3910 3912 3913 3914 3915 3916 3917 3918 3920 3921 3922 3923 3924 3925 3926 3927 3928 3929 3930 3931 3932 3933 3934 3937 3938 3939 3940 3941 3943 3944 3945 3947 3948 3949 3950 3951 3953 3956 3957 3958 3959 3960 3961 3962 3963 3964 3965 3966 3967 3968 3969 3970 3971 3972 3975 3976 3978 3979 
community 2, size : 257
3439 3442 3443 3444 3455 3458 3459 3460 3463 3464 3465 3466 3468 3469 3470 3472 3474 3476 3479 3481 3482 3483 3486 3493 3498 3499 3502 3505 3506 3507 3508 3509 3510 3511 3513 3515 3516 3519 3521 3523 3524 3526 3529 3532 3534 3535 3539 3553 3554 3555 3558 3560 3561 3562 3564 3568 3569 3571 3572 3579 3581 3582 3583 3584 3588 3590 3591 3593 3594 3597 3598 3599 3600 3601 3602 3608 3612 3613 3614 3615 3616 3617 3620 3622 3623 3629 3630 3631 3632 3634 3636 3638 3639 3643 3644 3645 3646 3647 3648 3649 3663 3665 3666 3668 3669 3671 3675 3680 3685 3690 3691 3694 3695 3698 3700 3701 3705 3706 3708 3710 3711 3713 3714 3715 3716 3717 3718 3719 3720 3722 3724 3726 3728 3733 3735 3738 3740 3742 3744 3746 3749 3751 3752 3753 3754 3757 3758 3759 3761 3763 3764 3767 3768 3769 3770 3773 3774 3777 3778 3781 3782 3784 3786 3787 3789 3792 3793 3794 3799 3801 3802 3803 3810 3813 3815 3816 3818 3821 3822 3823 3825 3826 3827 3829 3830 3833 3834 3835 3836 3837 3840 3843 3844 3846 3848 3849 3850 3855 3859 3861 3862 3864 3865 3866 3867 3869 3870 3876 3878 3881 3882 3883 3885 3890 3895 3896 3898 3899 3900 3903 3904 3906 3907 3909 3910 3911 3914 3915 3918 3919 3921 3923 3924 3927 3931 3932 3936 3937 3941 3942 3945 3946 3947 3951 3952 3954 3955 3956 3957 3958 3965 3969 3972 3973 3975 3976 3977 
cost time = 2417.00
precision = 0.075472
recall    = 0.395833
F1-score  = 0.126772
