nodes : 227
edges : 6384
features : 162
predict : 3
in fact : 14
community 0, size : 126
352 353 354 355 359 360 361 363 366 367 368 370 373 374 375 376 378 387 388 391 392 394 395 396 397 398 400 402 403 404 408 409 412 414 415 416 417 418 419 420 421 422 423 425 428 430 431 432 436 438 439 444 445 450 451 452 455 456 458 460 461 463 465 470 471 473 474 475 479 481 482 483 484 487 488 489 492 493 494 495 496 497 500 503 504 506 507 510 511 512 513 514 515 517 519 520 523 524 525 526 527 531 536 537 538 542 543 544 545 546 547 548 553 555 556 557 558 559 560 561 563 565 566 567 569 570 
community 1, size : 45
360 363 370 373 374 376 385 395 402 412 413 417 428 432 436 438 439 442 444 460 461 475 483 497 506 507 508 513 514 517 520 521 523 524 525 527 542 544 545 549 553 559 561 563 566 
community 2, size : 56
353 362 363 366 370 373 374 376 378 387 388 391 400 408 412 414 417 419 423 426 428 431 434 438 440 446 456 462 465 475 483 484 490 491 492 493 496 497 500 502 503 506 513 514 515 517 524 525 537 538 539 544 559 561 566 567 
cost time = 61.00
precision = 0.872247
recall    = 0.349206
F1-score  = 0.498741
