nodes : 227
edges : 6384
features : 162
predict : 3
in fact : 14
community 0, size : 89
350 352 353 357 369 370 373 374 376 378 380 381 385 388 389 391 392 395 397 400 407 408 412 417 419 420 421 423 424 426 428 430 431 434 435 438 439 440 445 451 452 455 456 457 459 461 463 465 469 471 475 477 483 484 486 492 493 494 496 497 500 503 505 506 507 509 513 514 516 517 518 524 525 527 528 536 537 538 542 544 551 553 554 559 561 563 566 567 569 
community 1, size : 86
353 360 362 363 366 368 370 373 374 375 376 378 387 391 392 394 395 398 400 402 404 408 409 412 414 416 417 419 423 425 428 430 431 432 436 438 444 446 456 460 461 462 465 471 473 475 479 482 483 484 487 488 492 493 495 497 500 503 506 507 511 512 513 514 515 517 520 523 524 525 526 527 537 538 542 544 545 553 556 558 559 560 561 566 567 570 
community 2, size : 81
354 355 359 360 361 363 366 367 370 372 373 374 376 382 388 391 395 396 397 402 403 405 410 412 413 414 415 418 422 428 432 434 436 438 439 442 450 451 452 458 460 463 470 474 475 481 482 483 489 496 497 500 502 504 506 507 510 513 514 515 517 519 520 521 523 524 525 531 544 545 546 547 548 553 555 557 559 563 565 566 568 
cost time = 122.00
precision = 0.902344
recall    = 0.407407
F1-score  = 0.561361
