nodes : 59
edges : 292
features : 43
predict : 3
in fact : 17
community 0, size : 29
3981 3982 3985 3986 3987 3988 3990 3992 3993 3994 3995 3997 3998 4000 4003 4007 4009 4012 4014 4016 4017 4018 4019 4021 4023 4025 4026 4030 4033 
community 1, size : 39
3981 3982 3984 3989 3990 3991 3994 594 3996 3997 3998 3999 4001 4002 4003 4004 4005 4006 4007 4008 4009 4011 4013 4016 4018 4019 4020 4023 4025 4027 4028 4029 4030 4031 4032 4034 4036 4037 4038 
community 2, size : 37
3982 3983 3985 3986 3988 3989 3991 3992 3993 3994 3995 594 3996 3997 3998 3999 4000 4002 4004 4005 4009 4011 4013 4014 4017 4020 4021 4023 4026 4027 4028 4030 4031 4033 4036 4037 4038 
cost time = 6.00
precision = 0.304762
recall    = 0.551724
F1-score  = 0.392638
