nodes : 59
edges : 292
features : 43
predict : 3
in fact : 17
community 0, size : 15
3982 3983 3986 3990 3992 4000 4007 4014 4016 4017 4021 4025 4026 4030 4033 
community 1, size : 28
3981 3982 3985 3986 3988 3993 3994 3995 3997 3998 4000 4002 4003 4004 4009 4013 4014 4017 4018 4019 4020 4021 4023 4026 4030 4031 4037 4038 
community 2, size : 15
3989 3991 594 3996 4002 4004 4011 4013 4020 4023 4027 4028 4031 4034 4038 
cost time = 1.00
precision = 0.379310
recall    = 0.379310
F1-score  = 0.379310
