nodes : 159
edges : 3386
features : 106
predict : 3
in fact : 7
community 0, size : 106
573 574 575 579 580 584 373 465 378 588 589 590 591 592 593 596 391 597 394 598 400 601 603 412 604 605 606 609 611 423 612 427 428 431 348 434 614 616 436 617 618 363 619 438 620 621 622 623 483 625 626 514 461 630 631 553 633 634 370 636 637 475 639 641 496 644 645 492 374 500 651 652 653 654 506 655 376 657 515 663 664 524 666 567 542 669 544 422 672 673 676 677 678 395 556 679 559 680 682 561 513 563 566 683 684 685 
community 1, size : 87
576 577 578 580 581 582 583 586 587 373 465 378 107 591 595 391 394 599 400 600 412 604 606 610 423 34 428 431 348 434 614 615 436 363 438 483 627 514 628 461 632 553 634 370 635 637 475 640 642 496 643 645 646 492 374 647 649 500 650 651 506 376 656 515 658 659 661 662 665 524 567 542 669 544 670 671 173 675 395 556 558 559 681 561 513 566 683 
community 2, size : 144
573 574 575 576 577 578 579 580 582 583 584 585 586 587 373 465 378 588 107 589 590 591 592 593 594 595 596 391 597 394 598 599 400 600 601 602 412 604 605 606 607 608 609 610 611 423 612 613 427 428 348 434 615 616 436 617 618 363 619 438 620 621 622 623 483 624 625 626 627 514 628 629 461 630 631 632 553 633 370 635 636 475 638 639 640 480 641 496 643 644 646 492 374 647 649 650 653 654 506 655 376 656 657 515 658 659 660 661 662 663 664 665 524 666 667 668 567 542 669 544 670 422 671 672 173 673 674 675 676 678 395 556 679 558 559 680 681 682 561 513 563 566 684 685 
cost time = 61.00
precision = 0.394659
recall    = 0.747191
F1-score  = 0.516505
