nodes : 159
edges : 3386
features : 106
predict : 3
in fact : 7
community 0, size : 59
580 586 587 373 465 378 107 591 391 394 400 601 412 604 606 423 428 431 348 434 614 436 363 438 483 514 461 553 634 370 637 475 641 496 645 646 492 374 500 651 506 376 515 524 567 542 669 544 422 676 395 556 558 559 561 513 563 566 683 
community 1, size : 44
573 575 579 588 589 592 596 597 598 601 603 605 609 611 612 617 618 619 620 623 625 626 629 630 631 633 636 637 644 653 654 655 657 663 664 666 422 677 678 679 680 682 684 685 
community 2, size : 104
573 574 576 577 578 579 580 582 583 584 373 465 378 589 590 591 592 595 596 391 597 598 599 400 600 603 412 604 605 606 609 610 611 423 612 428 431 348 615 616 436 617 618 363 619 438 620 621 622 623 483 625 626 627 514 628 461 630 632 553 370 635 636 475 639 640 643 644 492 374 647 500 650 653 654 506 376 515 658 659 661 662 664 665 524 666 567 542 669 544 670 672 675 677 678 395 559 680 681 561 513 566 683 684 
cost time = 21.00
precision = 0.594203
recall    = 0.691011
F1-score  = 0.638961
