nodes : 170
edges : 3312
features : 64
predict : 3
in fact : 14
community 0, size : 99
687 688 690 693 694 695 696 697 701 703 705 706 708 709 711 713 715 716 718 719 720 722 723 724 726 727 728 730 731 734 737 738 739 741 745 747 748 751 752 754 755 758 760 762 763 764 765 766 770 772 773 774 777 778 779 780 781 783 784 787 792 793 794 795 797 799 800 803 805 807 809 810 814 815 817 819 820 823 824 827 828 829 830 831 834 835 836 837 838 840 842 843 844 845 847 848 849 853 856 
community 1, size : 52
689 691 694 695 696 702 706 707 710 711 712 713 714 719 722 724 725 727 732 733 734 736 738 742 745 746 752 756 767 768 771 782 784 786 789 791 795 796 802 805 806 813 816 818 822 829 833 839 842 847 850 853 
community 2, size : 52
688 694 695 696 697 698 700 705 708 713 719 724 726 729 731 735 745 747 752 753 754 759 760 761 766 769 773 774 780 781 784 798 800 804 805 810 811 812 815 819 821 823 824 826 827 828 830 834 840 842 853 856 
cost time = 36.00
precision = 0.758621
recall    = 0.317526
F1-score  = 0.447674
