nodes : 170
edges : 3312
features : 64
predict : 3
in fact : 14
community 0, size : 99
687 688 690 693 694 695 696 697 698 700 703 704 705 706 709 710 713 716 717 718 719 720 722 724 726 727 728 730 731 737 738 739 740 742 745 747 751 752 753 754 756 759 760 762 765 766 769 770 772 773 774 776 777 779 780 781 784 792 794 795 798 799 800 803 804 805 807 810 812 814 815 819 820 821 823 824 827 828 829 830 831 834 835 837 838 840 841 842 843 844 845 847 848 850 852 853 854 855 856 
community 1, size : 98
688 689 693 694 695 696 697 700 701 702 703 705 707 708 710 711 712 713 714 715 717 718 719 723 724 725 726 731 732 733 734 736 740 741 745 746 747 748 751 752 755 756 758 760 761 764 766 767 768 771 773 778 781 782 783 784 785 786 787 788 789 791 793 794 796 797 798 800 805 806 808 809 810 813 814 815 816 817 818 822 823 824 827 828 829 830 833 834 836 839 842 844 846 847 849 852 853 855 
community 2, size : 137
687 688 689 690 691 694 696 697 698 699 701 702 703 705 706 707 708 709 711 712 713 714 715 716 719 720 721 722 724 726 727 728 729 730 731 732 733 734 735 736 737 738 739 741 742 743 745 746 747 748 749 750 752 753 754 755 757 758 759 761 762 763 764 765 766 768 769 770 771 772 773 774 777 778 779 780 781 782 783 784 786 787 788 789 790 792 793 795 797 799 800 802 803 804 805 806 807 809 810 811 812 813 814 815 816 817 818 819 820 821 822 823 824 825 826 827 828 830 831 832 833 834 835 836 837 838 839 840 842 843 845 848 849 850 851 853 856 
cost time = 91.00
precision = 0.598802
recall    = 0.412371
F1-score  = 0.488400
