nodes : 66
edges : 540
features : 49
predict : 3
in fact : 13
community 0, size : 37
810 811 769 861 840 863 729 864 697 869 708 819 703 800 828 830 876 713 745 747 878 880 882 753 823 886 888 772 719 889 890 774 825 893 804 805 856 
community 1, size : 31
810 857 769 840 862 865 867 697 868 708 776 819 872 873 800 874 828 830 713 745 747 877 798 885 823 887 719 774 803 805 856 
community 2, size : 27
858 859 861 863 729 866 867 776 870 871 872 873 874 876 877 878 879 881 882 885 886 887 888 889 804 894 895 
cost time = 1.00
precision = 0.378947
recall    = 0.423529
F1-score  = 0.400000
