nodes : 66
edges : 540
features : 49
predict : 3
in fact : 13
community 0, size : 36
810 769 861 840 863 729 864 697 869 708 819 703 800 828 830 876 713 745 747 878 880 882 753 823 886 888 772 719 889 890 774 825 803 804 805 856 
community 1, size : 52
811 859 860 769 861 840 862 863 729 865 866 867 697 868 708 870 819 871 872 873 800 874 828 875 830 876 713 747 877 878 879 881 882 883 884 885 753 823 886 887 888 772 719 889 890 774 891 893 804 894 805 895 
community 2, size : 43
810 857 811 858 769 840 862 865 866 867 697 868 869 708 776 870 819 871 872 703 873 800 874 828 830 713 745 747 877 879 880 881 798 885 823 887 719 774 803 894 805 895 856 
cost time = 6.00
precision = 0.297710
recall    = 0.458824
F1-score  = 0.361111
